# Sample data, do not use at home!
175  90  75 20220300.1650
150  77  55 20220301.0401
102  93  85 20220302.2259
200  86  65 20220303.1752
121  96  70 20220304.1752
194  79  60 20220305.1113
135  89  73 20220306.1634
176  88  55 20220307.0719
137  73  78 20220308.1419
159  87  61 20220309.0959
179  72  71 20220310.1424
191  74  56 20220311.1350
135  95  66 20220312.0510
189  75  56 20220313.2308
133  77  86 20220314.2203
108  88  74 20220315.0536
159  77  61 20220316.1627
165  92  83 20220317.2145
180  99  86 20220318.2341
175  70  86 20220319.0734
175  93  76 20220320.1810
173  92  81 20220321.1204
170  94  68 20220322.0620
147  85  74 20220323.2337
154  70  78 20220324.1443
121  80  90 20220325.1805
122  83  54 20220326.0308
121  82  82 20220327.2120
136  89  63 20220328.2328
155  93  85 20220329.0933
148  76  72 20220400.0905
182  94  68 20220401.0843
189  77  85 20220402.0801
142  75  51 20220403.0636
149  95  74 20220404.1853
153  83  72 20220405.2207
149  73  87 20220406.0507
140  71  85 20220407.1914
122  87  87 20220408.0846
147  85  66 20220409.0215
142  91  89 20220410.2115
184  88  53 20220411.2022
179  94  60 20220412.1835
124  84  55 20220413.0629
100  86  90 20220414.0045
114  93  85 20220415.0952
101  88  62 20220416.0928
182  85  59 20220417.0628
149  74  72 20220418.1754
104  96  55 20220419.1703
145  73  63 20220420.0310
166  87  61 20220421.2230
107  94  58 20220422.1755
182  79  72 20220423.0434
191  76  62 20220424.1950
177  86  72 20220425.0533
196  79  56 20220426.1912
135  72  84 20220427.0935
180  97  68 20220428.1920
180  97  70 20220429.1836
164  98  58 20220500.2222
159  83  83 20220501.0212
 99  71  53 20220502.2020
113  94  69 20220503.0425
132  72  84 20220504.0316
101  95  83 20220505.1421
106  97  59 20220506.0105
117  83  72 20220507.1208
100  87  78 20220508.0251
141  92  52 20220509.2248
173  79  52 20220510.0517
115  99  58 20220511.1731
124  95  58 20220512.1807
110  77  51 20220513.1056
151  82  58 20220514.1408
100  76  76 20220515.0806
199  82  67 20220516.2210
115  77  69 20220517.0546
133  95  57 20220518.1830
130  81  61 20220519.0155
140  94  57 20220520.2324
132  73  61 20220521.1512
192  96  57 20220522.1930
139  89  77 20220523.2217
160  74  86 20220524.0052
171  81  69 20220525.2144
117  99  69 20220526.1520
100  91  55 20220527.0307
112  95  60 20220528.0533
145  83  82 20220529.1732
168  77  61 20220600.0144
147  96  74 20220601.1414
184  76  87 20220602.0332
161  94  74 20220603.2053
104  89  73 20220604.1535
114  90  60 20220605.1513
149  74  74 20220606.0822
138  75  87 20220607.0413
177  94  81 20220608.1720
116  84  83 20220609.0428
111  78  88 20220610.0931
136  71  76 20220611.0731
175  94  68 20220612.1325
112  83  55 20220613.1710
132  72  64 20220614.1317
141  98  78 20220615.2313
143  98  71 20220616.2325
119  72  79 20220617.1906
189  89  73 20220618.0605
105  71  79 20220619.0921
195  80  65 20220620.1310
153  92  84 20220621.1316
145  96  50 20220622.2344
190  73  55 20220623.0857
135  93  73 20220624.0727
156  75  83 20220625.1116
107  95  66 20220626.1725
185  99  74 20220627.1144
 95  75  73 20220628.1106
139  94  70 20220629.0725
180  75  80 20220700.0704
169  74  82 20220701.2147
134  93  77 20220702.1150
168  91  66 20220703.0053
192  79  68 20220704.0715
155  84  75 20220705.2042
 96  94  59 20220706.2221
168  93  69 20220707.2156
133  70  59 20220708.1139
130  77  61 20220709.1035
149  96  79 20220710.1802
177  84  84 20220711.2244
148  84  60 20220712.1042
117  88  64 20220713.2038
177  83  61 20220714.1201
136  97  70 20220715.1616
136  92  77 20220716.0545
156  75  66 20220717.1618
180  72  89 20220718.0544
139  96  61 20220719.1533
111  87  71 20220720.1216
126  98  83 20220721.1919
186  74  64 20220722.0048
188  76  59 20220723.1942
 97  77  68 20220724.1635
111  75  64 20220725.1340
118  74  66 20220726.0505
120  78  84 20220727.1559
189  83  86 20220728.0302
172  88  81 20220729.1005
 98  81  69 20220800.2349
200  72  59 20220801.1623
176  72  52 20220802.0101
166  96  53 20220803.0055
190  96  56 20220804.0522
142  72  62 20220805.1357
154  95  50 20220806.2226
186  86  55 20220807.1446
195  91  58 20220808.0434
196  86  75 20220809.0640
124  74  86 20220810.1505
115  70  70 20220811.1839
148  83  80 20220812.1105
174  98  64 20220813.0641
122  75  76 20220814.2031
113  88  62 20220815.0637
129  88  85 20220816.1054
168  98  75 20220817.1422
159  82  62 20220818.0730
129  78  54 20220819.2324
186  92  64 20220820.0715
139  98  90 20220821.1204
196  97  84 20220822.1956
117  78  84 20220823.1704
139  81  80 20220824.0623
104  84  50 20220825.1803
135  85  74 20220826.0307
122  73  78 20220827.0507
100  90  76 20220828.2250
148  74  66 20220829.0011
100  84  82 20220900.0149
158  78  72 20220901.0521
117  82  78 20220902.0014
 98  86  57 20220903.0816
196  88  82 20220904.0922
196  93  59 20220905.2104
145  76  81 20220906.0210
129  78  85 20220907.1750
121  96  79 20220908.0006
172  86  53 20220909.1424
133  90  66 20220910.1828
171  87  88 20220911.1452
160  77  63 20220912.2258
165  99  64 20220913.1748
164  95  53 20220914.0657
197  83  55 20220915.1032
122  94  64 20220916.0515
196  89  56 20220917.1107
151  81  65 20220918.1144
 98  73  83 20220919.2240
193  84  67 20220920.0442
121  94  78 20220921.1617
106  76  86 20220922.1014
144  81  53 20220923.2054
132  96  55 20220924.1200
103  76  86 20220925.0126
172  71  90 20220926.2034
133  87  50 20220927.2037
109  93  88 20220928.1730
190  84  64 20220929.0844
139  87  90 20221000.1240
155  71  73 20221001.1254
156  76  90 20221002.0538
119  89  66 20221003.0742
181  85  70 20221004.0804
167  97  61 20221005.0535
161  77  69 20221006.0002
198  77  83 20221007.2041
114  87  83 20221008.1206
175  82  85 20221009.1209
114  98  58 20221010.2331
152  79  67 20221011.0357
122  82  76 20221012.0904
109  85  85 20221013.2340
127  74  74 20221014.1821
160  76  58 20221015.1558
 95  72  54 20221016.1315
131  76  77 20221017.1621
125  84  66 20221018.0948
167  73  89 20221019.2321
176  91  57 20221020.1029
148  79  59 20221021.0817
126  71  63 20221022.0143
188  78  71 20221023.1437
134  94  77 20221024.0247
111  84  68 20221025.1955
186  92  90 20221026.2311
169  86  54 20221027.1739
133  83  56 20221028.1039
 99  70  76 20221029.2313
